76 , 
132 , 
207 , 
225 , 
384 , 
387 , 
440 , 
844 , 
848 , 
880 , 
900 , 
930 , 
943 , 
950 , 
952 , 
965 , 
1058 , 
1071 , 
1085 , 
1094 , 
1097 , 
1098 , 
1101 , 
1126 , 
1132 , 
1175 , 
1236 , 
1237 , 
1278 , 
1320 , 
1321 , 
1352 , 
1363 , 
1367 , 
1373 , 
1382 , 
1444 , 
1447 , 
1458 , 
1463 , 
1469 , 
1509 , 
1528 , 
1572 , 
1590 , 
1664 , 
1673 , 
1675 , 
1702 , 
1753 , 
1770 , 
1806 , 
1809 , 
1819 , 
1834 , 
1865 , 
1866 , 
1876 , 
1895 , 
1919 , 
1937 , 
1943 , 
1984 , 
2032 , 
2066 , 
2108 , 
2138 , 
2139 , 
2145 , 
2160 , 
2161 , 
2173 , 
2246 , 
2275 , 
2280 , 
2316 , 
2371 , 
2372 , 
2374 , 
2375 , 
2390 , 
2422 , 
2438 , 
2442 , 
2479 , 
2502 , 
2523 , 
2600 , 
2647 , 
2648 , 
2677 , 
2692 , 
2697 , 
2714 , 
2737 , 
2749 , 
2788 , 
2802 , 
2822 , 
2881 , 
2892 , 
2913 , 
2937 , 
2950 , 
3003 , 
3034 , 
3050 , 
3149 , 
3163 , 
3221 , 
3254 , 
3269 , 
3302 , 
3323 , 
3333 , 
3364 , 
3377 , 
3387 , 
3410 , 
3426 , 
3430 , 
3479 , 
3480 , 
3486 , 
3488 , 
3489 , 
3499 , 
3509 , 
3578 , 
3588 , 
3591 , 
3594 , 
3618 , 
3635 , 
3639 , 
3655 , 
3681 , 
3696 , 
3702 , 
3732 , 
3736 , 
3801 , 
3812 , 
3815 , 
3825 , 
3837 , 
3840 , 
3851 , 
3881 , 
3902 , 
3903 , 
3905 , 
3924 , 
3931 , 
3958 , 
3968 , 
3977 , 
4014 , 
4031 , 
4050 , 
4057 , 
4061 , 
4073 , 
4081 , 
4104 , 
4109 , 
4139 , 
4151 , 
4152 , 
4244 , 
4250 , 
4278 , 
4281 , 
4295 , 
4303 , 
4309 , 
4311 , 
4341 , 
4379 , 
4435 , 
4437 , 
4441 , 
4507 , 
4510 , 
4514 , 
4558 , 
4571 , 
4587 , 
4619 , 
4629 , 
4641 , 
4702 , 
4705 , 
4708 , 
4710 , 
4711 , 
4716 , 
4734 , 
4748 , 
4778 , 
4789 , 
4791 , 
4803 , 
4827 , 
4830 , 
4834 , 
4915 , 
4941 , 
4942 , 
5032 , 
5040 , 
5069 , 
5072 , 
5075 , 
5082 , 
5091 , 
5096 , 
5123 , 
5174 , 
5184 , 
5212 , 
5249 , 
5257 , 
5274 , 
5276 , 
5282 , 
5305 , 
5330 , 
5341 , 
5349 , 
5352 , 
5374 , 
5385 , 
5400 , 
5416 , 
5425 , 
5431 , 
5443 , 
5445 , 
5488 , 
5509 , 
5512 , 
5529 , 
5536 , 
5538 , 
5544 , 
5554 , 
5572 , 
5588 , 
5597 , 
5627 , 
5640 , 
5641 , 
5687 , 
5704 , 
5713 , 
5746 , 
5752 , 
5774 , 
5776 , 
5785 , 
5786 , 
5788 , 
5815 , 
5822 , 
5843 , 
5884 , 
5935 , 
5936 , 
5984 , 
6017 , 
6019 , 
6030 , 
6042 , 
6064 , 
6082 , 
6086 , 
6144 , 
6157 , 
6160 , 
6171 , 
6174 , 
6178 , 
6193 , 
6222 , 
6249 , 
6323 , 
6345 , 
6352 , 
6370 , 
6436 , 
6484 , 
6519 , 
6540 , 
6541 , 
6569 , 
6628 , 
6637 , 
6639 , 
6663 , 
6669 , 
6676 , 
6734 , 
6753 , 
6810 , 
6820 , 
6827 , 
6841 , 
6843 , 
6847 , 
6901 , 
6980 , 
7043 , 
7048 , 
7054 , 
7055 , 
7084 , 
7144 , 
7145 , 
7165 , 
7202 , 
7217 , 
7226 , 
7250 , 
7265 , 
7292 , 
7323 , 
7379 , 
7392 , 
7396 , 
7400 , 
7421 , 
7423 , 
7461 , 
7500 , 
7504 , 
7520 , 
7532 , 
7533 , 
7535 , 
7546 , 
7592 , 
7613 , 
7655 , 
7676 , 
7679 , 
7686 , 
7689 , 
7703 , 
7711 , 
7712 , 
7718 , 
7729 , 
7735 , 
7750 , 
7758 , 
7765 , 
7781 , 
7782 , 
7795 , 
7803 , 
7824 , 
7827 , 
7835 , 
7914 , 
7923 , 
7925 , 
7941 , 
7990 , 
7993 , 
8081 , 
8099 , 
8106 , 
8120 , 
8154 , 
8155 , 
8169 , 
8179 , 
8213 , 
8239 , 
8248 , 
8258 , 
8284 , 
8301 , 
8302 , 
8305 , 
8307 , 
8317 , 
8322 , 
8323 , 
8328 , 
8330 , 
8372 , 
8383 , 
164331 , 
208294 , 
274295 , 
274301 , 
1044317 , 
1132296 , 
1132308 , 
1132310 , 
1132319 , 
1132323 , 
1132328 , 
1132343 , 
1132373 , 
1132388 , 
1132393 , 
1132412 , 
1132422 , 
1132423 , 
1132439 , 
1132456 , 
1132464 , 
1132465 , 
1132468 , 
1132471 , 
1132480 , 
1132481 , 
1132484 , 
1132487 , 
1132494 , 
1132496 , 
1132504 , 
1132511 , 
1132522 , 
1132533 , 
1132539 , 
1132544 , 
1132555 , 
1132559 , 
1132567 , 
1132570 , 
1132579 , 
1132580 , 
1132582 , 
1132587 , 
1132601 , 
1132609 , 
1132613 , 
1132616 , 
1132626 , 
1132631 , 
1132639 , 
1132641 , 
1132660 , 
1132662 , 
1132690 , 
1132693 , 
1132698 , 
1132705 , 
1132708 , 
1132713 , 
1132724 , 
1132727 , 
1132741 , 
1132742 , 
1132743 , 
1132753 , 
1132758 , 
1132759 , 
1132765 , 
1132768 , 
1132771 , 
1132774 , 
1132776 , 
1132782 , 
1132793 , 
1132794 , 
1132795 , 
1132798 , 
1132805 , 
1132819 , 
1132820 , 
1132825 , 
1132833 , 
1132839 , 
1132845 , 
1132846 , 
1132847 , 
1132848 , 
1132851 , 
1132856 , 
1132859 , 
1132867 , 
1132870 , 
1132872 , 
1132875 , 
1132876 , 
1132877 , 
1132888 , 
1132889 , 
1132892 , 
1132897 , 
1132900 , 
1132903 , 
1132905 , 
1132906 , 
1132908 , 
1132913 , 
1132919 , 
1132925 , 
1132927 , 
1132930 , 
1132935 , 
1132937 , 
1132938 , 
1132949 , 
1132951 , 
1132959 , 
1132960 , 
1132963 , 
1132967 , 
1132968 , 
1132973 , 
1132976 , 
1132978 , 
1132979 , 
1132982 , 
1132990 , 
1132991 , 
1132995 , 
1132996 , 
1133004 , 
1133006 , 
1133008 , 
1133011 , 
1133020 , 
1133022 , 
1133023 , 
1133024 , 
1133029 , 
1133030 , 
1133032 , 
1133033 , 
1133035 , 
1133037 , 
1133039 , 
1133040 , 
1133045 , 
1133047 , 
1133048 , 
1133049 , 
1133051 , 
1133052 , 
1133055 , 
1133056 , 
1133059 , 
1133061 , 
1133062 , 
1133066 , 
1133070 , 
1133071 , 
1133075 , 
1133080 , 
1133082 , 
1133083 , 
1133084 , 
1133085 , 
1133092 , 
1133093 , 
1133096 , 
1133097 , 
1133098 , 
1133099 , 
1133103 , 
1133104 , 
1133107 , 
1133109 , 
1133114 , 
1133117 , 
1133118 , 
1133121 , 
1133122 , 
1133126 , 
1133127 , 
1133129 , 
1133130 , 
1133132 , 
1133133 , 
1133134 , 
1133135 , 
1133137 , 
1133138 , 
1133139 , 
1133140 , 
1133142 , 
1133144 , 
1133146 , 
1133147 , 
1133148 , 
1133149 , 
1133150 , 
1133152 , 
1133154 , 
1133157 , 
1133159 , 
1133160 , 
1133161 , 
1133162 , 
1133163 , 
1133164 , 
1133167 , 
1133169 , 
1133171 , 
1133172 , 
1133174 , 
1133178 , 
1133179 , 
1133180 , 
1133181 , 
1133184 , 
1133185 , 
1133186 , 
1133191 , 
1133192 , 
1133194 , 
1133198 , 
1133202 , 
1133205 , 
1133208 , 
1133209 , 
1133210 , 
1133212 , 
1133213 , 
1133214 , 
1133215 , 
1133217 , 
1133218 , 
1133221 , 
1133222 , 
1133223 , 
1133224 , 
1133225 , 
1133226 , 
1133227 , 
1133228 , 
1133230 , 
1133231 , 
1133232 , 
1133235 , 
1133236 , 
1133244 , 
1133245 , 
1133247 , 
1133249 , 
1133251 , 
1133257 , 
1133259 , 
1133269 , 
1133270 , 
1133275 , 
1133278 , 
1133280 , 
1133287 , 
1133289 , 
1133290 , 
1133291 , 
1133295 , 
1133296 , 
1133297 , 
1133299 , 
1133303 , 
1133307 , 
1133317 , 
1133320 , 
1133329 , 
1133332 , 
1133334 , 
1133336 , 
1133339 , 
1133340 , 
1133341 , 
1133352 , 
1133354 , 
1133358 , 
1133360 , 
1133361 , 
1133362 , 
1133364 , 
1133365 , 
1133366 , 
1133368 , 
1133369 , 
1133371 , 
1133372 , 
1133373 , 
1133374 , 
1133382 , 
1133383 , 
1133384 , 
1133387 , 
1133394 , 
1133396 , 
1133397 , 
1133399 , 
1133401 , 
1133405 , 
1133409 , 
1133410 , 
1134328 , 
1134350 , 
1134430 , 
1134470 , 
1134479 , 
1134489 , 
1178332 , 
1178334 , 
1178350 , 
1222313 , 
1222384 , 
1222397 , 
1222536 , 
1222545 , 
1222567 , 
1222605 , 
1222609 , 
1222705 , 
1222739 , 
1442309 , 
1442323 , 
1442341 , 
1442354 , 
1442357 , 
1442407 , 
1442472 , 
2102310 , 
2102311 , 
2542309 , 
3070308 , 
3070314 , 
3422332 , 
3642309 , 
3642340 , 
3642344 , 
3642354 , 
3642407 , 
3642415 , 
3642417 , 
3642431 , 
3642443 , 
3642444 , 
3664310 , 
3664312 , 
3664313 , 
3664314 , 
3752308 , 
3752311 , 
3752314 , 
3752327 , 
3752328 , 
3840310 , 
3840313 , 
3840319 , 
3840320 , 
3840321 , 
6789308 , 
6789312 , 
6789314 , 
6789315 , 
6789317 , 
6789318 , 
6789320 , 
6789321 , 
6789322 , 
6789324 , 
6789325 , 
6789326 , 
6789330 , 
6789342 , 
6789348 , 
6789351 , 
6789354 , 
6789355 , 
6789358 , 
6789364 , 
6789367 , 
6789368 , 
6789369 , 
6789374 , 
6789384 , 
6789387 , 
6789388 , 
6789390 , 
6789391 , 
6789394 , 
6789406 , 
6789408 , 
6789412 , 
6789421 , 
6789431 , 
6791310 , 
6791312 , 
6791313 , 
